{
 "cells": [
  {
   "cell_type": "code",
   "execution_count": 91,
   "id": "3e6bdcbe-89c9-4ba8-aeac-6f7fa91a8bbd",
   "metadata": {},
   "outputs": [
    {
     "name": "stdout",
     "output_type": "stream",
     "text": [
      "   Feature_1  Feature_2  Feature_3  Feature_4  Class\n",
      "0  -0.220924   0.753242  -0.880948  -1.226089      1\n",
      "1   0.130403   0.230514  -1.098181  -1.305899      1\n",
      "2   0.006802   0.612896  -1.189831  -1.163766      1\n",
      "3  -1.410543   0.824026  -1.267050  -0.867673      0\n",
      "4   1.212439   0.833859   0.837552   1.244978      4\n",
      "   Feature_1  Feature_2  Feature_3  Feature_4  Class\n",
      "0   0.362475   0.211215  -1.313290  -1.285789      1\n",
      "1   0.884315   0.844139   0.448107   0.631279      4\n",
      "2  -1.703041   0.583103  -1.327941  -0.522970      0\n",
      "3  -1.494675   1.190499  -1.260072  -1.275128      0\n",
      "4  -0.066060   0.638892  -0.774223  -1.211729      1\n",
      "   Feature_1  Feature_2  Feature_3  Feature_4  Class\n",
      "0   1.304956   0.887994   0.674974   1.628359      4\n",
      "1   0.929673  -0.827690   0.668567   0.431809      3\n",
      "2   1.263526   1.032623   0.665160   1.099619      4\n",
      "3  -0.072591   0.345090  -0.804090  -1.025482      1\n",
      "4  -1.776896   1.012013  -1.233901  -0.832054      0\n"
     ]
    }
   ],
   "source": [
    "import numpy as np\n",
    "import pandas as pd\n",
    "import matplotlib.pyplot as plt\n",
    "from sklearn.metrics import confusion_matrix, accuracy_score\n",
    "\n",
    "# Load dataset\n",
    "train_df = pd.read_csv(\"C:/Users/tawfi/train_data.csv\")\n",
    "val_df   = pd.read_csv(\"C:/Users/tawfi/validation_data.csv\")\n",
    "test_df  = pd.read_csv(\"C:/Users/tawfi/test_data.csv\")\n",
    "\n",
    "print(train_df.head())\n",
    "print(val_df.head())\n",
    "print(test_df.head())\n"
   ]
  },
  {
   "cell_type": "code",
   "execution_count": 93,
   "id": "00432b95-3b51-43f3-a5af-9fe1e20a5fba",
   "metadata": {},
   "outputs": [],
   "source": [
    "# Separate features and labels\n",
    "X_train = train_df[[\"Feature_1\",\"Feature_2\",\"Feature_3\",\"Feature_4\"]].values\n",
    "Y_train = train_df[\"Class\"].values\n",
    "\n",
    "X_val = val_df[[\"Feature_1\",\"Feature_2\",\"Feature_3\",\"Feature_4\"]].values\n",
    "Y_val = val_df[\"Class\"].values\n",
    "\n",
    "X_test = test_df[[\"Feature_1\",\"Feature_2\",\"Feature_3\",\"Feature_4\"]].values\n",
    "Y_test = test_df[\"Class\"].values\n"
   ]
  },
  {
   "cell_type": "code",
   "execution_count": 118,
   "id": "6043fda1-a9ae-42a9-b534-6f821fb6ecb9",
   "metadata": {},
   "outputs": [],
   "source": [
    "def one_hot(Y, num_classes=5):\n",
    "    oh = np.zeros((len(Y), num_classes))\n",
    "    oh[np.arange(len(Y)), Y] = 1\n",
    "    return oh\n",
    "\n",
    "Y_train_oh= one_hot(Y_train)\n",
    "Y_val_oh= one_hot(Y_val)\n",
    "Y_test_oh= one_hot(Y_test)\n",
    "\n",
    "mean = X_train.mean(axis=0)\n",
    "std  = X_train.std(axis=0)\n",
    "\n",
    "X_train= (X_train-mean) / std\n",
    "X_val= (X_val-mean) / std\n",
    "X_test= (X_test-mean) / std\n"
   ]
  },
  {
   "cell_type": "code",
   "execution_count": 144,
   "id": "37545f73-3d47-41d1-bd9b-6bf1f7a1fee3",
   "metadata": {},
   "outputs": [],
   "source": [
    "# ============================\n",
    "# BLOCK 5 — Weight Initialization\n",
    "# ============================\n",
    "\n",
    "np.random.seed(0)   # for reproducibility\n",
    "#learning_rate = 0.05\n",
    "# Weight matrices\n",
    "W1 = np.random.randn(4, 64) * np.sqrt(2/4)\n",
    "W2 = np.random.randn(64, 32) * np.sqrt(2/16)\n",
    "W3 = np.random.randn(32, 16) * np.sqrt(2/12)\n",
    "W4 = np.random.randn(16, 5) * np.sqrt(2/8)\n",
    "\n",
    "\n",
    "# Bias vectors\n",
    "b1 = np.ones((1, 64)) * 0.01\n",
    "b2 = np.ones((1, 32)) * 0.01\n",
    "b3 = np.ones((1, 16)) * 0.01\n",
    "b4 = np.ones((1, 5)) * 0.01\n",
    "\n",
    "\n",
    "\n"
   ]
  },
  {
   "cell_type": "code",
   "execution_count": 146,
   "id": "3a5f2220-fe39-450e-9e0d-1fa75b49a1b7",
   "metadata": {},
   "outputs": [],
   "source": [
    "def relu(x):\n",
    "    return np.maximum(0, x)\n",
    "\n",
    "def relu_derivative(x):\n",
    "    return (x > 0).astype(float)\n",
    "\n",
    "def softmax(x):\n",
    "    ex = np.exp(x - np.max(x, axis=1, keepdims=True))\n",
    "    return ex / np.sum(ex, axis=1, keepdims=True)\n",
    "def feedforward(X):\n",
    "    # Layer 1\n",
    "    z1 = np.dot(X, W1) + b1\n",
    "    a1 = relu(z1)\n",
    "\n",
    "    # Layer 2\n",
    "    z2 = np.dot(a1, W2) + b2\n",
    "    a2 = relu(z2)\n",
    "\n",
    "    # Layer 3\n",
    "    z3 = np.dot(a2, W3) + b3\n",
    "    a3 = relu(z3)\n",
    "\n",
    "    # Output layer \n",
    "    z4 = np.dot(a3, W4) + b4\n",
    "    out = softmax(z4)\n",
    "\n",
    "    # return everything needed for backprop\n",
    "    return z1, a1, z2, a2, z3, a3, z4, out\n",
    "def backprop(X, Y_true, outputs, lr=0.01, clip_norm=5.0):\n",
    "    global W1, W2, W3, W4, b1, b2, b3, b4\n",
    "\n",
    "    z1, a1, z2, a2, z3, a3, z4, out = outputs\n",
    "    n = X.shape[0]   # batch size \n",
    "\n",
    "    # (softmax + cross-entropy derivative). Average here to normalize gradient magnitude.\n",
    "    delta4 = (out - Y_true) / n       \n",
    "\n",
    "    dW4 = np.dot(a3.T, delta4)            \n",
    "    db4 = np.sum(delta4, axis=0, keepdims=True)\n",
    "\n",
    "    # ------------------------\n",
    "    # layer 3\n",
    "    # ------------------------\n",
    "    delta3 = np.dot(delta4, W4.T) * relu_derivative(z3)   # shape (n,8)\n",
    "    dW3 = np.dot(a2.T, delta3)\n",
    "    db3 = np.sum(delta3, axis=0, keepdims=True)\n",
    "\n",
    "    # ------------------------\n",
    "    # layer 2\n",
    "    # ------------------------\n",
    "    delta2 = np.dot(delta3, W3.T) * relu_derivative(z2)\n",
    "    dW2 = np.dot(a1.T, delta2)\n",
    "    db2 = np.sum(delta2, axis=0, keepdims=True)\n",
    "\n",
    "    # ------------------------\n",
    "    # layer 1\n",
    "    # ------------------------\n",
    "    delta1 = np.dot(delta2, W2.T) * relu_derivative(z1)\n",
    "    dW1 = np.dot(X.T, delta1)\n",
    "    db1 = np.sum(delta1, axis=0, keepdims=True)\n",
    "\n",
    "    # compute norms and scale each dW if needed\n",
    "    def clip_grad(g):\n",
    "        norm = np.linalg.norm(g)\n",
    "        if norm > clip_norm:\n",
    "            return g * (clip_norm / (norm + 1e-12))\n",
    "        return g\n",
    "\n",
    "    dW4 = clip_grad(dW4)\n",
    "    dW3 = clip_grad(dW3)\n",
    "    dW2 = clip_grad(dW2)\n",
    "    dW1 = clip_grad(dW1)\n",
    "    db4 = clip_grad(db4)\n",
    "    db3 = clip_grad(db3)\n",
    "    db2 = clip_grad(db2)\n",
    "    db1 = clip_grad(db1)\n",
    "\n",
    "    #updating w\n",
    "    W4 -= lr * dW4\n",
    "    b4 -= lr * db4\n",
    "\n",
    "    W3 -= lr * dW3\n",
    "    b3 -= lr * db3\n",
    "\n",
    "    W2 -= lr * dW2\n",
    "    b2 -= lr * db2\n",
    "\n",
    "    W1 -= lr * dW1\n",
    "    b1 -= lr * db1\n",
    "\n"
   ]
  },
  {
   "cell_type": "code",
   "execution_count": 156,
   "id": "b705d445-f9a6-4475-9d05-36db992fc604",
   "metadata": {},
   "outputs": [
    {
     "name": "stdout",
     "output_type": "stream",
     "text": [
      "Epoch 0: loss=0.0724\n",
      " sample softmax (first 5):\n",
      "[[1.71681436e-01 8.23077564e-01 5.37452669e-04 2.11404793e-03\n",
      "  2.58949868e-03]\n",
      " [1.15804352e-02 9.84890292e-01 7.12290157e-04 1.58682636e-03\n",
      "  1.23015575e-03]\n",
      " [1.47342577e-02 9.84282179e-01 1.81239249e-04 3.50046559e-04\n",
      "  4.52277282e-04]\n",
      " [9.87579281e-01 4.28913175e-03 3.95349599e-06 1.12197921e-03\n",
      "  7.00565487e-03]\n",
      " [1.46648654e-02 6.42543241e-04 3.32198246e-05 7.53303134e-03\n",
      "  9.77126340e-01]]\n",
      " z4 stats: min,max,mean: -11.851214339332257 7.8300706284008506 -0.8833604608513012\n",
      "  Val Acc: 0.9800\n",
      "Epoch 10: loss=0.0695\n",
      " sample softmax (first 5):\n",
      "[[1.63914650e-01 8.31223912e-01 4.93358552e-04 1.99897809e-03\n",
      "  2.36910112e-03]\n",
      " [1.08124566e-02 9.85980238e-01 6.37956547e-04 1.45798748e-03\n",
      "  1.11136126e-03]\n",
      " [1.37362738e-02 9.85377124e-01 1.61435286e-04 3.18854110e-04\n",
      "  4.06312437e-04]\n",
      " [9.88351245e-01 4.04275963e-03 3.34087606e-06 1.02797468e-03\n",
      "  6.57468024e-03]\n",
      " [1.36689960e-02 5.74048597e-04 2.79806594e-05 6.96690428e-03\n",
      "  9.78762070e-01]]\n",
      " z4 stats: min,max,mean: -12.005836437111757 7.912348148440037 -0.8928077745977223\n",
      "  Val Acc: 0.9800\n",
      "Epoch 20: loss=0.0668\n",
      " sample softmax (first 5):\n",
      "[[1.56707327e-01 8.38770185e-01 4.54606041e-04 1.89408800e-03\n",
      "  2.17379367e-03]\n",
      " [1.01300664e-02 9.86941463e-01 5.74444567e-04 1.34502576e-03\n",
      "  1.00900033e-03]\n",
      " [1.28412375e-02 9.86356067e-01 1.44567701e-04 2.91566573e-04\n",
      "  3.66561627e-04]\n",
      " [9.89044900e-01 3.81934494e-03 2.84728778e-06 9.45857346e-04\n",
      "  6.18705074e-03]\n",
      " [1.27758537e-02 5.14974223e-04 2.37378723e-05 6.45853812e-03\n",
      "  9.80226896e-01]]\n",
      " z4 stats: min,max,mean: -12.152865216204013 7.990808826051066 -0.9017781699263021\n",
      "  Val Acc: 0.9800\n",
      "Epoch 30: loss=0.0644\n",
      " sample softmax (first 5):\n",
      "[[1.50204111e-01 8.45575082e-01 4.20095917e-04 1.79819133e-03\n",
      "  2.00252015e-03]\n",
      " [9.51842739e-03 9.87799353e-01 5.19105587e-04 1.24370017e-03\n",
      "  9.19413900e-04]\n",
      " [1.22185332e-02 9.87042476e-01 1.31631498e-04 2.72161676e-04\n",
      "  3.35197550e-04]\n",
      " [9.89680893e-01 3.61087357e-03 2.43937002e-06 8.71903314e-04\n",
      "  5.83389035e-03]\n",
      " [1.19823755e-02 4.63600082e-04 2.02393300e-05 5.99005263e-03\n",
      "  9.81543732e-01]]\n",
      " z4 stats: min,max,mean: -12.295594288762816 8.088640451503469 -0.9104566777669376\n",
      "  Val Acc: 0.9800\n",
      "Epoch 40: loss=0.0623\n",
      " sample softmax (first 5):\n",
      "[[1.44080455e-01 8.51973383e-01 3.89194407e-04 1.70971207e-03\n",
      "  1.84725516e-03]\n",
      " [8.96466528e-03 9.88570558e-01 4.70901843e-04 1.15352873e-03\n",
      "  8.40346623e-04]\n",
      " [1.17155322e-02 9.87598527e-01 1.20947943e-04 2.56656660e-04\n",
      "  3.08336094e-04]\n",
      " [9.90258898e-01 3.42353541e-03 2.10414702e-06 8.06956243e-04\n",
      "  5.50850664e-03]\n",
      " [1.12868126e-02 4.19698665e-04 1.73245097e-05 5.56156348e-03\n",
      "  9.82714601e-01]]\n",
      " z4 stats: min,max,mean: -12.433988095883057 8.189242964351306 -0.9187290321270822\n",
      "  Val Acc: 0.9800\n",
      "Epoch 50: loss=0.0603\n",
      " sample softmax (first 5):\n",
      "[[1.38336893e-01 8.57964313e-01 3.61669614e-04 1.62919419e-03\n",
      "  1.70792988e-03]\n",
      " [8.46257403e-03 9.89262622e-01 4.29273298e-04 1.07453258e-03\n",
      "  7.70997912e-04]\n",
      " [1.12482991e-02 9.88112918e-01 1.11555005e-04 2.42753580e-04\n",
      "  2.84474034e-04]\n",
      " [9.90782200e-01 3.25397370e-03 1.82772714e-06 7.50155059e-04\n",
      "  5.21184325e-03]\n",
      " [1.06575915e-02 3.82239333e-04 1.49593489e-05 5.19442536e-03\n",
      "  9.83750784e-01]]\n",
      " z4 stats: min,max,mean: -12.564801688789888 8.284500588571142 -0.9264997859756819\n",
      "  Val Acc: 0.9800\n",
      "Epoch 60: loss=0.0585\n",
      " sample softmax (first 5):\n",
      "[[1.33010362e-01 8.63514094e-01 3.36993371e-04 1.55534868e-03\n",
      "  1.58320161e-03]\n",
      " [8.00660086e-03 9.89887579e-01 3.92665558e-04 1.00359100e-03\n",
      "  7.09563189e-04]\n",
      " [1.08193697e-02 9.88583964e-01 1.03225072e-04 2.30156057e-04\n",
      "  2.63285131e-04]\n",
      " [9.91260766e-01 3.09793118e-03 1.59659301e-06 6.99438637e-04\n",
      "  4.94026794e-03]\n",
      " [1.00906485e-02 3.49393526e-04 1.29784695e-05 4.85750545e-03\n",
      "  9.84689474e-01]]\n",
      " z4 stats: min,max,mean: -12.690638469289548 8.376085168196383 -0.9340042848106728\n",
      "  Val Acc: 0.9800\n",
      "Epoch 70: loss=0.0568\n",
      " sample softmax (first 5):\n",
      "[[1.27980630e-01 8.68748602e-01 3.14497462e-04 1.48625377e-03\n",
      "  1.47001709e-03]\n",
      " [7.58979407e-03 9.90455615e-01 3.60231240e-04 9.39674380e-04\n",
      "  6.54685798e-04]\n",
      " [1.04146083e-02 9.89027058e-01 9.57058159e-05 2.18490661e-04\n",
      "  2.44136891e-04]\n",
      " [9.91698139e-01 2.95641815e-03 1.40210418e-06 6.54416150e-04\n",
      "  4.68962468e-03]\n",
      " [9.58844286e-03 3.20920906e-04 1.12987096e-05 4.54913151e-03\n",
      "  9.85530206e-01]]\n",
      " z4 stats: min,max,mean: -12.813177097443385 8.463796258604551 -0.9412976871770672\n",
      "  Val Acc: 0.9850\n",
      "Epoch 80: loss=0.0553\n",
      " sample softmax (first 5):\n",
      "[[1.23289090e-01 8.73624388e-01 2.94419438e-04 1.42406816e-03\n",
      "  1.36803406e-03]\n",
      " [7.20795141e-03 9.90972358e-01 3.31602026e-04 8.82471869e-04\n",
      "  6.05616339e-04]\n",
      " [1.00408341e-02 9.89435078e-01 8.90470368e-05 2.08044539e-04\n",
      "  2.26996422e-04]\n",
      " [9.92101377e-01 2.82421858e-03 1.23779400e-06 6.14464710e-04\n",
      "  4.45870193e-03]\n",
      " [9.12312743e-03 2.96232115e-04 9.91118629e-06 4.28665091e-03\n",
      "  9.86284078e-01]]\n",
      " z4 stats: min,max,mean: -12.929012083353985 8.54678346677124 -0.9481343645151209\n",
      "  Val Acc: 0.9850\n",
      "Epoch 90: loss=0.0539\n",
      " sample softmax (first 5):\n",
      "[[1.18919903e-01 8.78160130e-01 2.76369509e-04 1.36733572e-03\n",
      "  1.27626151e-03]\n",
      " [6.85744338e-03 9.91443878e-01 3.06186692e-04 8.30802119e-04\n",
      "  5.61689776e-04]\n",
      " [9.69506824e-03 9.89811597e-01 8.31081608e-05 1.98578689e-04\n",
      "  2.11647837e-04]\n",
      " [9.92473133e-01 2.70047752e-03 1.09785359e-06 5.78480373e-04\n",
      "  4.24681162e-03]\n",
      " [8.69345505e-03 2.74340195e-04 8.74522481e-06 4.05299727e-03\n",
      "  9.86970462e-01]]\n",
      " z4 stats: min,max,mean: -13.039427408175028 8.626293599652179 -0.9546108116440929\n",
      "  Val Acc: 0.9850\n",
      "Epoch 100: loss=0.0525\n",
      " sample softmax (first 5):\n",
      "[[1.14818065e-01 8.82413838e-01 2.60017296e-04 1.31488355e-03\n",
      "  1.19319648e-03]\n",
      " [6.53491684e-03 9.91875336e-01 2.83539593e-04 7.83939771e-04\n",
      "  5.22267540e-04]\n",
      " [9.37184101e-03 9.90162682e-01 7.77677470e-05 1.89894868e-04\n",
      "  1.97814350e-04]\n",
      " [9.92815204e-01 2.58557099e-03 9.78178120e-07 5.45944108e-04\n",
      "  4.05230303e-03]\n",
      " [8.29585377e-03 2.54725724e-04 7.75308943e-06 3.84045369e-03\n",
      "  9.87601214e-01]]\n",
      " z4 stats: min,max,mean: -13.145243412363994 8.702853279034297 -0.9608081021188752\n",
      "  Val Acc: 0.9850\n",
      "Epoch 110: loss=0.0513\n",
      " sample softmax (first 5):\n",
      "[[1.10961484e-01 8.86409565e-01 2.45111818e-04 1.26608073e-03\n",
      "  1.11775878e-03]\n",
      " [6.23737111e-03 9.92271164e-01 2.63296003e-04 7.41358021e-04\n",
      "  4.86811296e-04]\n",
      " [9.06761331e-03 9.90492305e-01 7.29347873e-05 1.81874914e-04\n",
      "  1.85271771e-04]\n",
      " [9.93130636e-01 2.47929055e-03 8.75264751e-07 5.16422015e-04\n",
      "  3.87277667e-03]\n",
      " [7.92718187e-03 2.37082254e-04 6.90394315e-06 3.64639972e-03\n",
      "  9.88182432e-01]]\n",
      " z4 stats: min,max,mean: -13.246837333050808 8.776673903831508 -0.9667434108619029\n",
      "  Val Acc: 0.9850\n",
      "Epoch 120: loss=0.0502\n",
      " sample softmax (first 5):\n",
      "[[1.07280769e-01 8.90218729e-01 2.31575320e-04 1.22063268e-03\n",
      "  1.04829398e-03]\n",
      " [5.96230286e-03 9.92635123e-01 2.45167978e-04 7.02621673e-04\n",
      "  4.54784936e-04]\n",
      " [8.77621444e-03 9.90807049e-01 6.85704445e-05 1.74443540e-04\n",
      "  1.73722783e-04]\n",
      " [9.93422401e-01 2.38154508e-03 7.86709712e-07 4.89636175e-04\n",
      "  3.70563138e-03]\n",
      " [7.58539534e-03 2.21214905e-04 6.17470268e-06 3.46926328e-03\n",
      "  9.88717952e-01]]\n",
      " z4 stats: min,max,mean: -13.34422721968056 8.84760841322916 -0.9724069701066638\n",
      "  Val Acc: 0.9850\n",
      "Epoch 130: loss=0.0491\n",
      " sample softmax (first 5):\n",
      "[[1.03881111e-01 8.93734963e-01 2.19367914e-04 1.17932957e-03\n",
      "  9.85228794e-04]\n",
      " [5.70757763e-03 9.92971307e-01 2.28746632e-04 6.66861401e-04\n",
      "  4.25507519e-04]\n",
      " [8.51008054e-03 9.91094232e-01 6.46615457e-05 1.67727692e-04\n",
      "  1.63297901e-04]\n",
      " [9.93698020e-01 2.28753031e-03 7.09182920e-07 4.64790192e-04\n",
      "  3.54895005e-03]\n",
      " [7.26878720e-03 2.06908523e-04 5.54361959e-06 3.30744079e-03\n",
      "  9.89211320e-01]]\n",
      " z4 stats: min,max,mean: -13.438050926892124 8.91638434736995 -0.9778091708609374\n",
      "  Val Acc: 0.9850\n",
      "Epoch 140: loss=0.0481\n",
      " sample softmax (first 5):\n",
      "[[1.00700446e-01 8.97022866e-01 2.08117748e-04 1.14065259e-03\n",
      "  9.27917203e-04]\n",
      " [5.47121130e-03 9.93282030e-01 2.13881785e-04 6.33978094e-04\n",
      "  3.98898703e-04]\n",
      " [8.26130334e-03 9.91362290e-01 6.10831773e-05 1.61481911e-04\n",
      "  1.53841360e-04]\n",
      " [9.93954575e-01 2.19926486e-03 6.41293656e-07 4.41904978e-04\n",
      "  3.40361396e-03]\n",
      " [6.97314228e-03 1.93960640e-04 4.99383974e-06 3.15918662e-03\n",
      "  9.89668717e-01]]\n",
      " z4 stats: min,max,mean: -13.528696812030937 8.983180219744662 -0.9829878263500109\n",
      "  Val Acc: 0.9850\n",
      "Epoch 150: loss=0.0472\n",
      " sample softmax (first 5):\n",
      "[[9.76696843e-02 9.00153381e-01 1.97695938e-04 1.10401331e-03\n",
      "  8.75225448e-04]\n",
      " [5.25138245e-03 9.93569655e-01 2.00433797e-04 6.03835790e-04\n",
      "  3.74693239e-04]\n",
      " [8.02324856e-03 9.91618210e-01 5.77878223e-05 1.55606047e-04\n",
      "  1.45148045e-04]\n",
      " [9.94187634e-01 2.11664657e-03 5.82837408e-07 4.21867898e-04\n",
      "  3.27326899e-03]\n",
      " [6.69698980e-03 1.82129499e-04 4.51510281e-06 3.02264076e-03\n",
      "  9.90093725e-01]]\n",
      " z4 stats: min,max,mean: -13.616038267272382 9.047831214169303 -0.9880581121686095\n",
      "  Val Acc: 0.9900\n",
      "Epoch 160: loss=0.0463\n",
      " sample softmax (first 5):\n",
      "[[9.48077297e-02 9.03107677e-01 1.88091072e-04 1.06984281e-03\n",
      "  8.26659841e-04]\n",
      " [5.04627710e-03 9.93837064e-01 1.88176010e-04 5.75997555e-04\n",
      "  3.52485345e-04]\n",
      " [7.79862488e-03 9.91859305e-01 5.47674139e-05 1.50153636e-04\n",
      "  1.37149288e-04]\n",
      " [9.94403616e-01 2.03822359e-03 5.31907011e-07 4.04086576e-04\n",
      "  3.15354225e-03]\n",
      " [6.44000287e-03 1.71421501e-04 4.09841689e-06 2.89886325e-03\n",
      "  9.90485614e-01]]\n",
      " z4 stats: min,max,mean: -13.699994483763291 9.109837017967758 -0.9929354474742205\n",
      "  Val Acc: 0.9900\n",
      "Epoch 170: loss=0.0455\n",
      " sample softmax (first 5):\n",
      "[[9.21109237e-02 9.05889898e-01 1.79237542e-04 1.03801543e-03\n",
      "  7.81925726e-04]\n",
      " [4.85461260e-03 9.94085996e-01 1.76996483e-04 5.50270297e-04\n",
      "  3.32124357e-04]\n",
      " [7.58781884e-03 9.92085282e-01 5.19973688e-05 1.45099647e-04\n",
      "  1.29801698e-04]\n",
      " [9.94607368e-01 1.96423871e-03 4.86735712e-07 3.87599226e-04\n",
      "  3.04030743e-03]\n",
      " [6.19851443e-03 1.61665458e-04 3.73308002e-06 2.78651015e-03\n",
      "  9.90849577e-01]]\n",
      " z4 stats: min,max,mean: -13.78088457998687 9.169515821840843 -0.9976209657253502\n",
      "  Val Acc: 0.9900\n",
      "Epoch 180: loss=0.0448\n",
      " sample softmax (first 5):\n",
      "[[8.95893488e-02 9.08490116e-01 1.71038757e-04 1.00847905e-03\n",
      "  7.41017295e-04]\n",
      " [4.67452200e-03 9.94318836e-01 1.66765737e-04 5.26468791e-04\n",
      "  3.13407272e-04]\n",
      " [7.39147812e-03 9.92295546e-01 4.94460838e-05 1.40430160e-04\n",
      "  1.23100002e-04]\n",
      " [9.94799566e-01 1.89406897e-03 4.46370650e-07 3.72238297e-04\n",
      "  2.93368042e-03]\n",
      " [5.96979935e-03 1.52569683e-04 3.41072692e-06 2.68300729e-03\n",
      "  9.91191213e-01]]\n",
      " z4 stats: min,max,mean: -13.858950484222706 9.227436849222837 -1.0021183026362033\n",
      "  Val Acc: 0.9900\n",
      "Epoch 190: loss=0.0440\n",
      " sample softmax (first 5):\n",
      "[[8.71702664e-02 9.10983010e-01 1.63388589e-04 9.80368968e-04\n",
      "  7.02966047e-04]\n",
      " [4.50528398e-03 9.94536753e-01 1.57387815e-04 5.04383652e-04\n",
      "  2.96191869e-04]\n",
      " [7.20265125e-03 9.92497398e-01 4.70758493e-05 1.36007926e-04\n",
      "  1.16867345e-04]\n",
      " [9.94979884e-01 1.82887367e-03 4.10402106e-07 3.57938214e-04\n",
      "  2.83289371e-03]\n",
      " [5.75479953e-03 1.44132408e-04 3.12408465e-06 2.58605873e-03\n",
      "  9.91511885e-01]]\n",
      " z4 stats: min,max,mean: -13.93459382794082 9.283685804380958 -1.0064595971095296\n",
      "  Val Acc: 0.9950\n"
     ]
    }
   ],
   "source": [
    "learning_rate = 0.01\n",
    "epochs = 200\n",
    "\n",
    "train_losses = []\n",
    "val_accuracies = []\n",
    "\n",
    "for epoch in range(epochs):\n",
    "    outputs = feedforward(X_train)\n",
    "    _, _, _, _, _, _, _, train_out = outputs\n",
    "\n",
    "    # compute average loss\n",
    "    loss = -np.sum(Y_train_oh * np.log(train_out + 1e-12)) / X_train.shape[0]\n",
    "\n",
    "    train_losses.append(loss)\n",
    "\n",
    "    if epoch % 10 == 0:\n",
    "        print(f\"Epoch {epoch}: loss={loss:.4f}\")\n",
    "        print(\" sample softmax (first 5):\")\n",
    "        print(train_out[:5])\n",
    "\n",
    "        z1, a1, z2, a2, z3, a3, z4, out = outputs\n",
    "        print(\" z4 stats: min,max,mean:\", np.min(z4), np.max(z4), np.mean(z4))\n",
    "    \n",
    "    # backprop with averaged gradients\n",
    "    backprop(X_train, Y_train_oh, outputs, lr=learning_rate, clip_norm=5.0)\n",
    "\n",
    "    # validation accuracy check\n",
    "    _, _, _, _, _, _, _, val_out = feedforward(X_val)\n",
    "    val_pred_labels = np.argmax(val_out, axis=1)\n",
    "    val_acc = np.mean(val_pred_labels == Y_val)\n",
    "\n",
    "    val_accuracies.append(val_acc)\n",
    "\n",
    "    if epoch % 10 == 0:\n",
    "        print(f\"  Val Acc: {val_acc:.4f}\")\n"
   ]
  },
  {
   "cell_type": "code",
   "execution_count": 158,
   "id": "353124c8-8983-4f77-a7ef-7252d9fb04e3",
   "metadata": {},
   "outputs": [
    {
     "name": "stdout",
     "output_type": "stream",
     "text": [
      "Final Test Accuracy: 0.9925\n",
      "\n",
      "Confusion Matrix (rows = true, cols = predicted):\n",
      "[[80  0  0  0  0]\n",
      " [ 0 80  0  0  0]\n",
      " [ 0  0 80  0  0]\n",
      " [ 0  0  0 77  3]\n",
      " [ 0  0  0  0 80]]\n"
     ]
    }
   ],
   "source": [
    "# Feedforward on test set\n",
    "_, _, _, _, _, _, _, test_pred = feedforward(X_test)\n",
    "\n",
    "# Convert softmax output to predicted class\n",
    "test_pred_labels = np.argmax(test_pred, axis=1)\n",
    "\n",
    "# Compute accuracy\n",
    "test_accuracy = accuracy_score(Y_test, test_pred_labels)\n",
    "print(\"Final Test Accuracy:\", test_accuracy)\n",
    "\n",
    "# Confusion matrix\n",
    "cm = confusion_matrix(Y_test, test_pred_labels)\n",
    "print(\"\\nConfusion Matrix (rows = true, cols = predicted):\")\n",
    "print(cm)\n"
   ]
  },
  {
   "cell_type": "code",
   "execution_count": 170,
   "id": "b9172941-89cb-4314-a714-3b1a49bb5210",
   "metadata": {},
   "outputs": [
    {
     "name": "stdout",
     "output_type": "stream",
     "text": [
      "\n",
      "CLASSIFICATION REPORT\n",
      "              precision    recall  f1-score   support\n",
      "\n",
      "           0     1.0000    1.0000    1.0000        80\n",
      "           1     1.0000    1.0000    1.0000        80\n",
      "           2     1.0000    1.0000    1.0000        80\n",
      "           3     1.0000    0.9625    0.9809        80\n",
      "           4     0.9639    1.0000    0.9816        80\n",
      "\n",
      "    accuracy                         0.9925       400\n",
      "   macro avg     0.9928    0.9925    0.9925       400\n",
      "weighted avg     0.9928    0.9925    0.9925       400\n",
      "\n"
     ]
    }
   ],
   "source": [
    "from sklearn.metrics import classification_report\n",
    "\n",
    "print(\"\\nCLASSIFICATION REPORT\")\n",
    "print(classification_report(Y_test, test_pred_labels, digits=4))\n"
   ]
  },
  {
   "cell_type": "code",
   "execution_count": 168,
   "id": "94dd0454-e0f1-464c-9eaf-c4337a358878",
   "metadata": {},
   "outputs": [
    {
     "data": {
